# Equivalent independent-component basis; oxygen reconstructed from valence.

<nIC>
6

<nDC>  12
<nPH>  3
<nPS>  1
<nDCs>  10

<nICb>
6

<nDCb>  12
<nPHb>  3
<nPSb>  1

<nTp>  1
<nPp>  1
<iGrd>  0
<fAalp>  1
<mLook>  0

<END_DIM>

<xic>
0 1 2 3 4 5

<xdc>
0 1 2 3 4 5 6 7 8 9 10 11 
<xph>
0 1 2 

<ICNL>
'C' 'Ca' 'Cl' 'H' 'Mg' 'Zz'

<ccIC>
'e' 'e' 'e' 'h' 'e' 'z'

<ICmm>
0.0120108003616333 0.0400779991149902 0.0354529991149902 0.00100794994831085 0.0243050003051758 0

<DCNL>
'Ca(CO3)@' 'Ca+2' 'Mg(CO3)@' 'Mg+2' 'CO3-2' 'HCO3-' 'Cl-' 'OH-' 'H+' 'H2O@' 'Cal' 'Dis-Dol' 
<ccDC>
'S' 'S' 'S' 'S' 'S' 'S' 'S' 'S' 'T' 'W' 'O' 'O' 

<DCmm>
0.100086999893188 0.0400779991149902 0.084314001083374 0.0243050003051758 0.0600090007781982 0.0610169507265091 0.0354529991149902 0.0170073500871658 0.00100794994831085 0.0180153000354767 0.100086999893188 0.184401000976563 

<PHNL>
'aq_gen' 'Calcite' 'Dolomite-dis' 
<ccPH>
'a' 's' 's' 
<nDCinPH>
10 1 1 

<A>
1 1 0 0 0 0
0 1 0 0 0 2
1 0 0 0 1 0
0 0 0 0 1 2
1 0 0 0 0 -2
1 0 0 1 0 -1
0 0 1 0 0 -1
0 0 0 1 0 -1
0 0 0 1 0 1
0 0 0 2 0 0
1 1 0 0 0 0
2 1 0 0 1 0

<Ttol>  1
<TKval>
298.15 
<Psat>
3168.73733474928 

<Ptol>  50000
<Pval>
100000 

<denW>
997.061364306278 
-0.25866418191325 
-0.00946964566451448 
0.0450858902637571 
0 

<denWg>
0.767104546309221 
-0 
0 
0 
0 

<epsW>
78.2451456494471 
-0.355010888388417 
0.00135076186526265 
0.00406162824448407 
0 

<epsWg>
0 
0 
0 
0 
0 

<V0>
-1.56484448542463e-05 
-1.84387418380244e-05 
-1.67761919999581e-05 
-2.20137394655029e-05 
-6.05772456161104e-06 
2.42108973468909e-05 
1.7340894051096e-05 
-4.70784300725686e-06 
0 
1.80683971876364e-05 
3.69339990615845e-05 
6.43900012969971e-05 

<G0>
-1099175.99998 
-552790.00065054 
-998974.99998001 
-453985.00080868 
-527982.00178413 
-586940.00066985 
-131290.00076596 
-157270.00090727 
0 
-237181.38483664 
-1129176 
-2157149 

<H0>
-1201918.0000196 
-543068.999361896 
-1132116.0000196 
-465928.999206753 
-675310.998250301 
-690010.003610532 
-167110.999248851 
-230008.999110235 
0 
-285837.30429999 
-1207405 
-2316512 

<S0>
10.4599999053572 
-56.4839968375186 
-100.419998301735 
-138.072000852685 
-49.9989886967937 
98.4500013981011 
56.7350438457505 
-10.7110335158716 
0 
69.9241798936394 
92.6755981445312 
166.690567016602 

<Cp0>
-123.862512055557 
-30.9225151431658 
-116.500367919112 
-21.6620906201741 
-289.332992568843 
-34.848836986181 
-122.490362897996 
-136.338084390688 
0 
75.3605258482016 
81.8710955177311 
157.719794178672 

<A0>
0 
0 
0 
0 
0 
0 
0 
0 
0 
0 
0 
0 

<U0>
0 
0 
0 
0 
0 
0 
0 
0 
0 
0 
0 
0 
