# Equivalent independent-component basis; oxygen reconstructed from valence.

<NodeHandle>  0
<NodeTypeHY>  0
<NodeTypeMT>  0
<NodeStatusFMT>  -1
<NodeStatusCH>  1
<IterDone>  124

<TK>  298.15
<P>  100000
<Vs>  0.00100295
<Vi>  0
<Ms>  1.00003
<Mi>  0
<Hs>  0
<Hi>  0
<Gs>  -5311.04
<IS>  0.000387421
<pH>  9.91178
<pe>  -16.6503
<Eh>  -0.983042
<Tm>  0
<dt>  0


<bIC>
0.0003279 0.0003279 2e-15 111.016746657646 1e-15 0

<rMB>
3.61097348824402e-20 0 0 -1.89319006820448e-14 0 9.87031193924429e-21

<uIC>
80.0932384213352 -155.451521019049 -125.168552990043 15.5161176738454 -141.112961120414 -38.3388449556674

<bSP>
0.000204532352937694 0.000204532352937694 0 0 0 0

<xDC>
5.62987370105865e-06 0.000117737773361248 2.65092502085442e-17 9.73490749791456e-16 3.42064803547105e-05 8.35312930065105e-05 2e-15 8.3531418326029e-05 1.253195183847e-10 55.5082897974048 0.000204532352937694 0 

<gam>
0.999999999982898 0.913593149038899 0.999999999982898 0.913593149038899 0.913593149038899 0.977660814290497 0.977660814290497 0.977660814290497 0.977660814290497 0.999999999965796 1 1 

<dll>
0 0 0 0 0 0 0 0 0 0 0 0 

<dul>
1000000 1000000 1000000 1000000 1000000 1000000 1000000 1000000 1000000 1000000 1000000 1000000 

<aPH>
0 0 0 

<xPH>
55.5086144343689 0.000204532352937694 0 

<vPS>
0.00100294499013208 

<mPS>
1.00001234749768 

<xPA>
55.5082897974048 

<amru>
1000000 

<amrl>
0 

<bPS>
0.000123367647062306 0.000123367647062306 2e-15 111.016746657646 1e-15 -9.87031193924429e-21

